os1_cloud_node-pylon_camera_node:
  q:
    w: 0.49757205900281865
    x: -0.5191354403519034
    y: -0.4975002567008741
    z: 0.4851947395148628
  t:
    x: -0.3629965761094809
    y: 0.06023722576833279
    z: -0.18926884540339428
