os1_cloud_node-pylon_camera_node:
  q:
    w: 0.4975720590028186
    x: -0.5191354403519033
    y: -0.4975002567008741
    z: 0.48519473951486275
  t:
    x: -0.36299657610967095
    y: 0.060237225768389635
    z: -0.18926884540339428
