os1_cloud_node-pylon_camera_node:
  q:
    w: 0.49757205900281865
    x: -0.5191354403519034
    y: -0.497500256700874
    z: 0.48519473951486275
  t:
    x: -0.3629965761096514
    y: 0.060237225768389635
    z: -0.18926884540339461
