os1_cloud_node-pylon_camera_node:
  q:
    w: 0.4975720590028185
    x: -0.5191354403519034
    y: -0.49750025670087406
    z: 0.48519473951486275
  t:
    x: -0.3629965761097367
    y: 0.06023722576843227
    z: -0.18926884540339473
